#####-----solver参数-----#####
#  1  0  0
#  0  1  0
#  0  0  1
R_gimbal2imubody: [1, 0, 0, 0, 1, 0, 0, 0, 1]

# 相机同理想情况的偏角: yaw1.44 pitch-7.28 roll0.96 degree
# 标定板到世界坐标系原点的水平距离: 1.13 m
# 标定板同竖直摆放时的偏角: yaw7.61 pitch13.92 roll-0.46 degree
R_camera2gimbal: [-0.027182119030230909, -0.12616154330853446, 0.99163723074269183, -0.99949106557517331, 0.019998323121329122, -0.024853106601381177, -0.016695575474690555, -0.99180811252093692, -0.12664093215554434]
t_camera2gimbal: [0.13160669975045827, 0.10377721766577375, 0.024908271912914642]

camera_matrix: [6.8509093952013109e+02, 0., 7.4767589307838637e+02, 0., 7.5267496434241741e+02, 8.7782600347854088e+02, 0., 0., 1.]
distort_coeffs: [-8.4764381331297149e-03, 1.2091562536992612e-02, 2.4059954412270348e-02, -3.3058634414221841e-02, 1.0767040395255616e-03]

#####-----tracker参数-----#####
enemy_color: "blue"
min_detect_count: 5
max_temp_lost_count: 15
outpost_max_temp_lost_count: 75