detector:
  light_thresh: 160
  green_thresh: 13
  white_thresh: 255
  max_light_angle: 90
  min_armor_ratio: 1.5
  max_armor_ratio: 5.5
  max_angle_diff: 82.400001525878906
  max_light_ratio: 0.43999999761581421
  min_light_ratio: 0.070000000298023224
  min_area: 10